
    'conv2'    [ 8]    [ 68.4524]    [0.7857]
    'conv2'    [16]    [ 68.2882]    [0.7571]
    'conv2'    [32]    [ 68.6478]    [0.6714]
    'conv3'    [ 8]    [ 98.2388]    [0.8429]
    'conv3'    [16]    [ 99.3990]    [0.8143]
    'conv3'    [32]    [ 99.9337]    [0.8143]
    'conv4'    [ 8]    [116.0749]    [0.7857]
    'conv4'    [16]    [117.7081]    [0.7571]
    'conv4'    [32]    [118.2756]    [0.7857]
    'conv5'    [ 8]    [128.4025]    [0.6857]
    'conv5'    [16]    [129.8391]    [0.6857]
    'conv5'    [32]    [130.4574]    [0.7286]
    'fc6'      [ 8]    [130.0392]    [0.8000]
    'fc6'      [16]    [130.5892]    [0.8143]
    'fc6'      [32]    [130.6840]    [0.7857]
    'fc7'      [ 8]    [130.5339]    [0.7857]
    'fc7'      [16]    [130.8196]    [0.7857]
    'fc7'      [32]    [131.1966]    [0.7714]
    'fc8'      [ 8]    [130.5681]    [0.7857]
    'fc8'      [16]    [131.0148]    [0.8286]
    'fc8'      [32]    [131.0194]    [0.8571]